[[  1675   1127    365    662  -1803    445    569   -542    116    190    768    252    291    404    759   1228    215    166]
 [     0    977    356    683   -910    223    558  -1591    118     90    644    259     86    263    547   -175    141    165]
 [     0      0    139    278     26     47    207  -1015     47     22    236    108      9    100    188   -237     36     64]
 [     0      0      0    660   1127    143    394   -750    117     12    441    274     -1    547    332   -778    160    150]
 [     0      0      0      0  25598   -897   -761 -10619    193   -367   -451    689   -372   2693   -571  -3713   -265    109]
 [     0      0      0      0      0    276    104   3033     30     39    131     61    106    401    149    490    202     43]
 [     0      0      0      0      0      0    341   -826     68     34    358    146      9     99    281   -382     80     97]
 [     0      0      0      0      0      0      0  64962    -22   -325  -1587   -190    324   5420  -1296   1583   2898    -16]
 [     0      0      0      0      0      0      0      0     21      1     75     49      0    109     56   -136     33     27]
 [     0      0      0      0      0      0      0      0      0     33     69      1     52    -35     86    355     -3      4]
 [     0      0      0      0      0      0      0      0      0      0    433    168     72    140    378     12     67    105]
 [     0      0      0      0      0      0      0      0      0      0      0    117      0    271    125   -322     72     61]
 [     0      0      0      0      0      0      0      0      0      0      0      0    106     67    117    721     30      1]
 [     0      0      0      0      0      0      0      0      0      0      0      0      0   1409    112   -324    427    124]
 [     0      0      0      0      0      0      0      0      0      0      0      0      0      0    362    440     55     80]
 [     0      0      0      0      0      0      0      0      0      0      0      0      0      0      0   5840    -47   -165]
 [     0      0      0      0      0      0      0      0      0      0      0      0      0      0      0      0    190     44]
 [     0      0      0      0      0      0      0      0      0      0      0      0      0      0      0      0      0     35]]
