1.180000000000000000e+02 1.800000000000000000e+02 3.300000000000000000e+01 1.560000000000000000e+02 4.880000000000000000e+02
3.850000000000000000e+02 3.110000000000000000e+02 2.620000000000000000e+02 4.900000000000000000e+02 4.900000000000000000e+01
2.070000000000000000e+02 2.680000000000000000e+02 3.830000000000000000e+02 4.850000000000000000e+02 3.450000000000000000e+02
3.190000000000000000e+02 3.330000000000000000e+02 1.460000000000000000e+02 1.970000000000000000e+02 1.160000000000000000e+02
1.440000000000000000e+02 4.170000000000000000e+02 1.600000000000000000e+01 9.100000000000000000e+01 3.400000000000000000e+01
3.030000000000000000e+02 2.310000000000000000e+02 2.490000000000000000e+02 2.340000000000000000e+02 3.050000000000000000e+02
5.300000000000000000e+01 4.610000000000000000e+02 2.300000000000000000e+02 1.830000000000000000e+02 1.890000000000000000e+02
1.210000000000000000e+02 5.300000000000000000e+01 2.680000000000000000e+02 2.220000000000000000e+02 4.250000000000000000e+02
1.070000000000000000e+02 5.600000000000000000e+01 3.650000000000000000e+02 4.790000000000000000e+02 1.170000000000000000e+02
4.400000000000000000e+01 2.920000000000000000e+02 4.640000000000000000e+02 4.880000000000000000e+02 4.250000000000000000e+02
